L_INF_REAL = -3.4028236E+37
H_INF_REAL =  3.4028236E+37

L_INF_INT  = -2147483647
H_INF_INT  =  2147483645

LOG10_2	= 0.301029995663981195213738894724
E	= 2.718281828459045235360287471352 